name: streamlit
channels:
  - conda-forge
  - defaults
dependencies:
  - autodiff=0.6.11=py310h595d6f7_1
  - bzip2=1.0.8=h8ffe710_4
  - ca-certificates=2022.6.15.1=h5b45459_0
  - eigen4rkt=3.3.904=h2d74725_0
  - intel-openmp=2022.1.0=h57928b3_3787
  - libblas=3.9.0=16_win64_mkl
  - libcblas=3.9.0=16_win64_mkl
  - libffi=3.4.2=h8ffe710_5
  - liblapack=3.9.0=16_win64_mkl
  - libsqlite=3.39.3=hcfcfb64_0
  - libzlib=1.2.12=hcfcfb64_3
  - mkl=2022.1.0=h6a75c08_874
  - nlohmann_json=3.11.2=h39d44d4_0
  - numpy=1.23.3=py310h4a8f9c9_0
  - openssl=3.0.5=hcfcfb64_2
  - optima=0.2.9=py310h2d38035_0
  - phreeqc4rkt=3.6.2.1=h91493d7_1
  - pip=22.2.2=pyhd8ed1ab_0
  - pugixml=1.11.4=h0e60522_0
  - pybind11-abi=4=hd8ed1ab_3
  - python=3.10.6=hcf16a7b_0_cpython
  - python_abi=3.10=2_cp310
  - reaktoro=2.0.0rc24=py310h2d38035_1
  - setuptools=65.3.0=pyhd8ed1ab_1
  - tbb=2021.5.0=h91493d7_2
  - thermofun=0.3.8=py310h494077a_2
  - tk=8.6.12=h8ffe710_0
  - tzdata=2022c=h191b570_0
  - ucrt=10.0.20348.0=h57928b3_0
  - vc=14.2=hb210afc_7
  - vs2015_runtime=14.29.30139=h890b9b1_7
  - wheel=0.37.1=pyhd8ed1ab_0
  - xz=5.2.6=h8d14728_0
  - yaml-cpp4rkt=0.6.4.2=h91493d7_1
prefix: C:\Anaconda3\envs\streamlit
